# L= 100 , T= 3.000000000 
1 -1 -1 1 1 1 1 1 1 1 1 1 1 1 1 1 1 1 1 1 -1 -1 -1 -1 -1 1 -1 -1 1 1 1 1 1 1 1 -1 -1 -1 -1 -1 -1 -1 -1 -1 -1 -1 1 -1 -1 -1 -1 -1 -1 -1 -1 -1 -1 -1 -1 -1 1 -1 -1 -1 -1 1 1 1 -1 -1 1 1 1 -1 -1 1 1 -1 -1 -1 -1 -1 -1 -1 -1 -1 -1 1 1 -1 -1 -1 1 1 1 -1 1 1 1 1 
1 -1 1 1 1 1 1 1 1 -1 1 1 1 1 1 1 -1 1 1 1 1 1 1 1 1 1 1 -1 1 1 1 1 1 1 -1 -1 -1 -1 -1 -1 -1 -1 -1 -1 1 1 1 1 1 1 -1 -1 1 -1 1 -1 -1 1 1 1 1 -1 -1 -1 -1 -1 -1 -1 -1 1 1 1 1 -1 -1 -1 -1 -1 -1 -1 -1 -1 -1 -1 -1 -1 -1 -1 1 1 -1 -1 -1 -1 1 -1 -1 1 1 1 
1 -1 1 1 1 1 -1 -1 -1 -1 1 -1 1 1 1 1 1 1 1 1 -1 1 1 1 1 1 1 1 1 1 1 1 1 -1 -1 1 -1 -1 -1 -1 -1 -1 -1 -1 -1 1 1 1 1 1 1 1 1 -1 1 -1 1 -1 1 1 1 1 -1 -1 -1 -1 -1 -1 -1 1 1 1 1 -1 -1 -1 -1 -1 -1 -1 -1 -1 -1 1 -1 -1 -1 1 1 -1 -1 -1 -1 1 1 -1 -1 -1 1 1 
1 1 1 1 -1 1 -1 -1 -1 -1 -1 -1 1 1 1 1 -1 -1 1 1 1 1 1 1 1 1 1 1 1 1 1 1 1 -1 -1 1 -1 -1 -1 -1 -1 1 -1 -1 -1 1 1 1 1 1 1 1 1 -1 -1 -1 1 1 1 1 1 1 1 -1 -1 -1 -1 1 1 1 1 1 1 -1 -1 -1 1 1 -1 1 -1 -1 -1 1 1 -1 -1 -1 1 -1 -1 -1 -1 -1 -1 1 -1 1 1 1 
-1 1 1 1 1 -1 -1 -1 -1 -1 -1 -1 1 1 -1 -1 -1 -1 -1 -1 -1 -1 -1 1 1 1 1 1 1 1 1 1 1 1 -1 1 -1 -1 -1 -1 -1 -1 -1 1 1 1 1 1 1 1 1 1 1 -1 -1 -1 -1 -1 -1 1 1 1 1 1 -1 -1 -1 1 1 1 1 1 -1 -1 -1 -1 -1 -1 -1 1 1 1 -1 1 1 -1 -1 -1 -1 -1 -1 -1 -1 -1 1 1 -1 1 1 1 
-1 -1 1 1 1 -1 1 1 -1 -1 1 1 1 -1 -1 -1 -1 -1 -1 -1 -1 -1 1 1 -1 1 1 1 1 -1 1 1 1 1 1 1 -1 -1 -1 -1 -1 -1 1 1 1 -1 -1 1 1 1 -1 -1 1 1 -1 1 1 -1 1 1 1 1 1 1 -1 -1 1 -1 1 1 1 -1 -1 1 1 -1 -1 1 1 1 1 1 -1 -1 -1 -1 1 1 1 -1 -1 -1 -1 -1 -1 1 1 1 -1 1 
1 1 -1 1 1 1 1 1 -1 1 1 1 -1 -1 -1 -1 -1 -1 -1 -1 -1 -1 1 1 1 1 1 1 -1 -1 -1 1 1 1 1 1 1 -1 -1 -1 -1 -1 1 1 1 -1 1 1 1 1 -1 -1 -1 -1 -1 -1 -1 1 1 1 1 1 1 1 1 1 1 1 1 1 1 -1 -1 1 1 -1 -1 1 -1 1 1 1 -1 1 1 1 1 -1 1 1 -1 -1 -1 -1 -1 1 1 -1 -1 1 
-1 -1 1 1 1 1 -1 1 1 1 -1 1 1 1 -1 -1 -1 -1 -1 1 -1 -1 -1 1 1 1 1 -1 1 1 1 1 1 1 1 1 1 1 1 1 -1 -1 -1 1 -1 1 1 1 1 -1 -1 -1 1 -1 -1 1 -1 1 1 1 1 -1 -1 1 1 1 -1 1 1 1 1 -1 1 -1 1 -1 -1 1 1 -1 -1 -1 -1 1 1 1 -1 1 1 -1 -1 -1 -1 -1 -1 1 1 -1 1 1 
1 1 -1 1 1 1 1 1 -1 -1 -1 1 1 -1 -1 1 -1 -1 -1 -1 -1 -1 -1 1 1 1 1 1 1 1 -1 1 1 1 -1 -1 1 1 1 1 1 -1 1 1 -1 1 -1 -1 1 1 -1 -1 1 1 -1 1 1 1 1 1 1 -1 1 1 -1 1 -1 -1 1 1 -1 -1 -1 1 1 -1 1 1 1 -1 -1 -1 1 1 1 1 1 1 1 1 -1 -1 -1 -1 -1 -1 1 -1 1 1 
1 1 -1 1 1 1 1 -1 -1 -1 -1 1 1 1 1 1 1 -1 -1 -1 -1 -1 -1 -1 1 1 1 1 -1 1 -1 -1 -1 -1 -1 -1 -1 -1 1 1 1 -1 -1 -1 -1 -1 -1 -1 -1 -1 -1 1 -1 1 -1 1 1 1 1 1 1 -1 1 1 1 -1 1 1 1 1 -1 1 -1 -1 -1 -1 -1 1 -1 1 -1 -1 1 1 1 1 1 -1 1 -1 -1 -1 -1 1 1 1 1 -1 1 1 
1 -1 1 1 1 -1 -1 -1 -1 -1 -1 -1 1 1 1 1 1 1 1 1 -1 -1 1 1 1 1 1 1 -1 1 -1 -1 1 1 1 -1 -1 1 1 1 -1 -1 -1 -1 -1 -1 -1 -1 -1 -1 -1 1 -1 -1 1 1 -1 1 1 1 1 1 -1 1 1 -1 1 -1 -1 1 1 -1 -1 -1 -1 -1 -1 -1 -1 1 -1 1 1 1 1 -1 -1 -1 1 -1 -1 -1 -1 1 -1 1 1 -1 1 1 
1 1 -1 1 1 1 -1 -1 1 -1 -1 -1 1 1 1 1 1 -1 1 -1 -1 -1 -1 1 1 1 1 1 1 1 -1 -1 -1 1 1 1 1 1 1 1 -1 -1 -1 1 1 -1 1 -1 -1 -1 -1 1 -1 -1 -1 -1 -1 1 1 1 1 1 1 -1 -1 -1 -1 -1 -1 1 -1 -1 -1 -1 -1 1 -1 -1 -1 1 -1 1 1 -1 1 -1 -1 -1 1 1 1 1 1 1 1 1 1 1 1 1 
1 1 1 1 1 1 1 -1 -1 -1 -1 -1 -1 1 1 1 1 1 1 -1 -1 -1 -1 -1 1 1 1 -1 1 1 -1 -1 1 1 1 1 1 1 1 1 -1 1 1 1 1 -1 1 -1 -1 -1 -1 -1 1 -1 1 -1 1 1 1 1 1 1 1 -1 -1 1 -1 -1 -1 1 -1 -1 -1 -1 -1 -1 1 -1 -1 -1 -1 1 1 -1 1 1 1 -1 1 1 1 1 -1 -1 1 1 -1 1 1 -1 
1 1 1 -1 -1 -1 -1 -1 1 -1 -1 -1 -1 -1 1 1 1 1 -1 -1 1 -1 -1 -1 -1 -1 -1 -1 -1 -1 -1 -1 1 1 1 -1 -1 1 1 1 1 -1 -1 -1 -1 -1 -1 -1 -1 -1 1 1 1 1 -1 1 -1 1 1 1 -1 1 -1 -1 -1 1 1 1 1 -1 -1 -1 -1 -1 -1 -1 -1 -1 -1 -1 -1 -1 -1 -1 1 1 1 -1 1 1 1 1 1 1 1 1 1 -1 1 1 
1 -1 -1 -1 -1 -1 1 1 1 -1 -1 -1 -1 -1 1 1 1 1 -1 -1 -1 -1 -1 -1 -1 -1 -1 -1 -1 -1 -1 -1 -1 -1 1 -1 -1 1 1 1 -1 -1 1 -1 -1 -1 -1 -1 1 -1 1 1 1 -1 1 1 -1 1 1 1 1 1 1 1 1 1 1 1 1 1 -1 -1 -1 1 -1 -1 -1 -1 -1 -1 -1 -1 -1 -1 1 1 1 -1 -1 -1 -1 1 -1 1 -1 1 1 -1 1 1 
1 -1 -1 -1 1 -1 -1 1 1 1 1 1 -1 -1 1 1 1 1 1 -1 -1 -1 -1 -1 -1 -1 1 -1 -1 -1 1 -1 -1 -1 -1 -1 -1 -1 -1 -1 -1 -1 -1 1 1 -1 1 1 1 1 1 1 -1 1 -1 -1 -1 1 1 1 1 1 -1 -1 1 1 1 1 1 1 1 -1 1 1 1 -1 -1 -1 -1 1 1 1 -1 1 1 1 1 1 -1 -1 -1 -1 -1 -1 -1 -1 1 -1 1 1 
1 -1 1 -1 -1 -1 1 1 -1 1 1 1 -1 -1 -1 -1 1 1 -1 -1 -1 -1 -1 -1 -1 -1 1 -1 1 -1 -1 -1 -1 -1 -1 -1 -1 -1 -1 1 1 -1 1 1 1 1 1 1 1 1 1 1 1 1 -1 -1 -1 1 1 1 1 1 -1 -1 -1 1 1 1 1 1 -1 -1 -1 -1 1 1 1 1 -1 1 -1 -1 -1 1 1 1 1 1 -1 -1 -1 -1 -1 1 1 -1 -1 1 -1 1 
1 -1 1 1 -1 -1 1 1 1 1 1 1 1 -1 1 1 1 1 -1 -1 -1 1 -1 1 -1 1 1 -1 -1 -1 -1 -1 1 1 1 -1 -1 -1 -1 1 1 1 -1 -1 -1 -1 1 1 1 1 1 1 1 -1 -1 -1 -1 1 1 1 1 1 -1 -1 -1 1 -1 1 1 -1 -1 -1 -1 -1 1 1 1 -1 -1 -1 -1 -1 -1 1 1 -1 1 -1 1 1 1 -1 -1 -1 1 -1 -1 1 1 1 
-1 -1 1 -1 -1 -1 -1 -1 -1 1 1 1 1 1 -1 1 1 -1 -1 -1 -1 -1 -1 -1 1 1 1 -1 1 -1 -1 -1 1 1 -1 -1 -1 1 1 1 -1 1 1 1 -1 -1 1 1 1 1 1 1 -1 -1 1 1 -1 -1 1 -1 -1 -1 -1 -1 -1 -1 -1 -1 -1 -1 1 -1 -1 -1 -1 1 -1 -1 -1 -1 -1 -1 -1 1 1 -1 1 -1 -1 -1 1 -1 -1 -1 1 1 1 1 1 1 
1 -1 1 1 -1 -1 -1 -1 -1 1 1 1 1 1 -1 1 1 1 1 -1 -1 -1 -1 -1 -1 -1 -1 -1 1 -1 -1 -1 1 1 1 -1 -1 1 1 1 -1 -1 1 1 -1 -1 1 1 1 -1 1 1 -1 1 -1 -1 -1 -1 -1 -1 1 -1 -1 -1 1 1 1 -1 -1 -1 -1 1 -1 1 -1 -1 -1 -1 -1 1 -1 -1 -1 1 -1 1 1 1 -1 -1 1 -1 -1 -1 1 1 1 1 1 1 
1 1 -1 -1 -1 1 1 -1 -1 -1 -1 1 1 1 1 -1 1 1 1 1 -1 -1 -1 -1 -1 -1 -1 -1 1 1 -1 -1 -1 1 1 1 1 1 1 -1 1 -1 -1 -1 -1 -1 1 1 1 1 1 1 1 -1 -1 -1 -1 -1 -1 -1 -1 -1 -1 -1 1 1 -1 -1 -1 -1 1 1 -1 1 -1 -1 -1 1 -1 -1 1 -1 -1 1 -1 -1 -1 -1 1 1 -1 -1 -1 1 -1 -1 1 1 1 1 
-1 -1 -1 -1 -1 -1 1 -1 -1 -1 -1 1 1 1 1 -1 1 1 -1 -1 -1 -1 -1 -1 1 -1 -1 1 -1 1 -1 -1 -1 1 1 1 1 1 1 -1 -1 -1 -1 -1 -1 1 1 1 1 -1 -1 1 1 1 -1 -1 -1 -1 -1 -1 -1 -1 -1 -1 -1 1 -1 1 1 1 1 1 1 1 1 -1 1 -1 -1 -1 -1 -1 -1 1 1 1 -1 -1 1 -1 -1 1 -1 -1 -1 -1 1 -1 -1 -1 
1 1 -1 -1 -1 -1 1 1 1 1 1 1 1 1 1 -1 -1 1 1 -1 -1 -1 -1 -1 -1 -1 1 1 1 1 1 -1 -1 1 1 1 1 1 1 -1 -1 1 -1 1 1 1 -1 -1 -1 -1 -1 -1 1 1 1 -1 -1 -1 -1 1 1 1 -1 1 1 -1 -1 1 -1 1 1 1 1 1 1 -1 -1 -1 -1 -1 -1 1 1 1 -1 -1 -1 -1 -1 -1 -1 -1 -1 -1 -1 -1 1 1 -1 1 
1 1 -1 -1 -1 1 -1 1 1 1 1 1 1 1 -1 -1 1 1 1 -1 -1 -1 -1 -1 -1 1 1 1 1 -1 1 1 -1 1 1 1 1 1 1 -1 -1 -1 1 1 -1 -1 1 1 1 1 1 -1 -1 -1 -1 -1 -1 -1 -1 1 1 1 1 1 -1 -1 1 1 -1 1 1 1 1 1 1 1 1 1 1 1 -1 -1 1 1 -1 -1 -1 -1 -1 -1 -1 -1 -1 1 1 -1 -1 1 1 1 
1 1 -1 1 1 1 1 1 1 1 1 1 1 1 1 -1 1 1 -1 -1 -1 -1 -1 -1 -1 1 1 1 1 1 1 1 1 1 1 1 1 1 1 1 -1 1 1 1 1 -1 1 -1 1 1 1 -1 -1 -1 -1 -1 -1 -1 -1 1 1 1 1 1 -1 -1 1 1 1 1 1 1 1 1 1 1 1 1 1 1 -1 -1 1 -1 -1 -1 -1 1 1 -1 -1 1 -1 1 1 -1 -1 1 -1 -1 
-1 1 1 1 1 -1 -1 -1 1 1 1 1 1 1 1 -1 1 1 1 -1 -1 -1 -1 1 1 1 1 1 1 1 1 1 1 1 1 1 1 1 1 1 1 1 1 1 1 1 1 -1 -1 1 -1 -1 1 1 1 -1 1 -1 -1 1 -1 -1 -1 1 -1 1 1 1 1 -1 -1 -1 1 1 1 1 1 1 -1 -1 1 -1 -1 -1 1 -1 1 1 -1 -1 1 1 1 1 1 1 1 1 -1 -1 
-1 1 1 1 1 -1 -1 -1 1 1 1 1 1 1 -1 -1 -1 1 -1 -1 -1 -1 -1 -1 -1 1 -1 -1 1 1 1 1 1 1 1 1 1 1 -1 1 1 1 1 1 1 1 1 1 1 1 1 -1 1 1 1 1 -1 -1 -1 -1 -1 -1 -1 1 1 -1 1 1 1 1 1 1 1 -1 1 1 1 1 -1 -1 -1 -1 -1 -1 -1 -1 1 1 1 1 1 1 1 1 -1 1 1 1 1 -1 
1 1 1 1 -1 -1 -1 -1 -1 1 1 -1 1 1 1 1 1 -1 -1 -1 -1 -1 -1 1 1 1 1 1 1 1 1 1 1 1 1 1 1 1 1 1 1 -1 1 1 1 1 1 1 -1 1 -1 -1 1 1 1 -1 -1 1 -1 1 -1 1 -1 1 1 1 1 1 1 1 1 1 -1 -1 1 1 1 1 1 -1 -1 -1 -1 -1 1 1 1 1 1 1 1 -1 1 1 1 1 1 1 1 1 
-1 1 1 1 -1 -1 -1 -1 -1 -1 -1 1 -1 1 1 1 1 -1 -1 -1 -1 1 -1 1 -1 1 1 1 1 -1 -1 -1 -1 -1 1 1 1 1 -1 1 1 -1 1 1 -1 -1 -1 1 1 -1 1 1 -1 1 1 -1 -1 -1 -1 -1 -1 -1 -1 -1 -1 -1 -1 -1 1 1 1 -1 -1 -1 1 1 1 -1 1 -1 -1 -1 -1 -1 1 -1 1 1 1 1 1 1 1 1 1 1 1 1 1 -1 
-1 1 -1 -1 -1 -1 1 -1 -1 1 -1 -1 -1 -1 1 1 -1 -1 -1 -1 -1 -1 -1 -1 -1 1 1 1 1 -1 -1 -1 -1 1 1 1 1 1 1 1 1 1 1 1 -1 -1 1 1 1 1 1 1 1 1 1 -1 -1 -1 -1 -1 -1 -1 -1 -1 -1 1 1 -1 -1 -1 -1 -1 1 -1 -1 1 -1 -1 1 1 -1 -1 1 1 1 1 1 1 -1 -1 -1 1 1 1 1 1 -1 -1 -1 -1 
-1 -1 -1 -1 1 1 -1 -1 -1 -1 -1 -1 -1 1 1 1 -1 1 1 -1 -1 -1 1 -1 1 1 1 1 1 -1 -1 1 -1 1 1 1 1 1 1 -1 -1 1 1 1 1 -1 1 1 1 1 1 1 1 1 1 1 1 -1 1 1 1 1 1 1 1 1 1 -1 -1 -1 1 -1 -1 1 1 1 1 1 1 1 1 -1 -1 -1 -1 1 1 1 1 -1 -1 -1 1 1 1 1 -1 -1 -1 -1 
-1 -1 -1 1 1 1 -1 -1 -1 -1 -1 -1 -1 1 1 1 1 -1 -1 -1 -1 -1 1 -1 -1 -1 1 1 1 1 1 1 -1 -1 1 1 1 -1 -1 -1 -1 1 1 1 1 1 -1 -1 1 1 1 1 1 1 1 1 1 1 -1 1 -1 -1 1 -1 -1 1 1 1 -1 1 1 1 1 -1 -1 -1 -1 1 1 -1 -1 1 1 1 1 1 1 1 -1 -1 -1 -1 -1 -1 1 1 -1 1 -1 -1 
-1 -1 1 1 1 1 1 1 1 -1 -1 1 -1 1 1 1 -1 -1 1 -1 -1 -1 1 1 -1 1 -1 -1 -1 -1 -1 1 1 -1 1 1 1 -1 -1 -1 -1 1 1 1 1 -1 1 1 1 1 1 1 1 1 -1 1 1 -1 -1 -1 1 1 1 -1 1 1 1 1 -1 -1 -1 -1 -1 -1 -1 -1 -1 -1 -1 -1 -1 1 1 1 -1 1 1 1 -1 -1 -1 -1 -1 -1 -1 -1 1 1 -1 -1 
1 1 1 -1 -1 -1 1 1 -1 -1 -1 -1 -1 1 1 1 -1 -1 1 -1 -1 -1 1 1 1 1 -1 -1 1 1 1 1 1 1 1 1 -1 -1 -1 -1 -1 1 1 1 1 -1 1 1 1 1 1 1 1 1 1 1 -1 -1 1 -1 -1 -1 -1 -1 1 1 1 -1 1 -1 -1 -1 -1 -1 1 -1 1 1 -1 -1 -1 -1 -1 -1 -1 1 1 1 1 -1 -1 -1 -1 1 -1 -1 -1 1 1 -1 
1 1 1 -1 -1 -1 1 -1 -1 -1 1 1 1 1 1 -1 -1 -1 -1 1 1 1 1 1 -1 1 1 1 -1 -1 1 1 -1 -1 1 1 1 -1 1 1 1 -1 -1 1 1 -1 1 -1 1 1 1 1 1 1 1 1 -1 -1 -1 -1 -1 -1 -1 -1 1 -1 1 1 1 1 -1 -1 1 -1 -1 -1 -1 1 -1 -1 -1 -1 -1 -1 1 1 -1 1 1 -1 1 1 -1 1 1 -1 -1 -1 1 -1 
1 -1 -1 -1 -1 1 1 -1 -1 -1 1 -1 1 1 1 1 -1 -1 1 1 1 1 -1 -1 -1 1 1 1 -1 -1 1 1 -1 -1 -1 -1 1 1 -1 1 -1 -1 -1 -1 1 1 1 1 1 1 1 1 -1 1 1 -1 -1 -1 -1 1 -1 -1 1 -1 1 -1 1 1 1 -1 1 -1 -1 -1 -1 -1 -1 1 1 -1 -1 -1 -1 1 1 1 1 1 1 -1 -1 1 1 1 1 1 -1 -1 1 -1 
1 -1 -1 -1 -1 -1 -1 -1 -1 -1 1 1 1 1 1 1 1 1 1 -1 1 1 1 1 1 1 1 -1 -1 1 1 1 -1 1 1 -1 1 1 1 -1 -1 -1 -1 -1 -1 1 1 1 1 -1 -1 -1 -1 1 1 -1 -1 -1 -1 -1 -1 -1 -1 -1 -1 -1 1 -1 -1 -1 1 -1 -1 -1 -1 -1 -1 -1 -1 -1 1 1 -1 1 1 1 -1 -1 1 -1 -1 1 1 1 1 -1 1 -1 -1 -1 
-1 -1 -1 1 1 -1 -1 -1 -1 -1 1 1 -1 -1 1 1 1 1 1 -1 -1 1 -1 1 1 -1 1 -1 -1 1 1 1 1 1 1 -1 1 1 1 -1 -1 1 -1 -1 -1 -1 1 1 1 -1 -1 1 1 1 1 1 -1 -1 -1 -1 -1 -1 -1 -1 -1 1 1 -1 -1 -1 -1 1 1 -1 -1 -1 -1 -1 -1 -1 1 1 -1 -1 -1 -1 -1 -1 -1 -1 -1 1 -1 1 1 1 -1 -1 -1 -1 
-1 -1 1 1 1 -1 -1 -1 -1 -1 -1 1 -1 -1 -1 -1 1 1 1 1 1 1 1 1 1 1 -1 -1 -1 1 1 1 1 1 1 1 1 1 1 1 -1 1 1 -1 -1 -1 -1 1 1 -1 1 -1 -1 1 -1 -1 -1 -1 -1 -1 1 -1 1 -1 -1 1 1 -1 -1 -1 -1 1 1 -1 -1 -1 1 -1 -1 -1 -1 -1 -1 -1 -1 -1 1 -1 -1 1 -1 1 1 -1 -1 1 1 -1 -1 -1 
-1 1 1 -1 1 -1 -1 -1 -1 1 -1 -1 1 1 1 1 1 1 1 1 -1 1 1 -1 -1 -1 -1 -1 1 1 1 1 1 1 1 -1 1 1 -1 -1 -1 1 1 1 -1 -1 -1 -1 1 1 1 1 1 1 1 -1 -1 -1 -1 -1 -1 -1 -1 -1 -1 1 1 -1 -1 -1 -1 -1 1 -1 -1 1 -1 -1 -1 -1 -1 -1 1 1 1 1 -1 -1 -1 1 -1 -1 1 -1 -1 -1 1 1 -1 1 
-1 -1 -1 -1 -1 -1 -1 -1 -1 1 1 1 1 1 1 1 1 1 1 1 1 1 1 -1 -1 -1 -1 -1 -1 1 1 1 1 1 1 1 1 1 1 1 1 1 1 1 -1 -1 -1 -1 1 1 1 1 1 1 -1 -1 1 1 -1 -1 1 -1 -1 -1 -1 -1 -1 -1 -1 -1 -1 -1 1 -1 -1 1 -1 -1 -1 1 -1 -1 1 1 -1 -1 -1 -1 -1 1 -1 -1 1 1 1 -1 -1 -1 -1 1 
-1 -1 -1 -1 -1 -1 -1 -1 -1 1 1 1 1 1 -1 -1 -1 1 1 1 1 1 1 1 -1 -1 -1 -1 -1 -1 1 1 1 1 1 1 1 1 1 1 1 -1 -1 1 -1 -1 -1 -1 1 -1 1 1 -1 1 1 1 -1 1 1 1 1 -1 -1 -1 -1 -1 -1 -1 -1 -1 1 1 1 -1 -1 -1 -1 -1 -1 -1 1 -1 -1 1 -1 -1 -1 -1 -1 1 1 1 -1 1 1 -1 -1 -1 -1 1 
1 1 -1 -1 -1 1 -1 -1 -1 1 -1 -1 -1 -1 -1 1 -1 1 1 1 1 -1 -1 -1 -1 -1 -1 -1 -1 -1 1 1 1 1 -1 1 1 1 1 1 1 1 1 1 -1 -1 -1 -1 -1 1 1 1 -1 -1 -1 -1 -1 1 -1 -1 1 1 -1 -1 -1 -1 -1 -1 1 1 -1 -1 -1 -1 -1 -1 -1 -1 -1 -1 -1 -1 1 1 -1 -1 -1 -1 -1 1 1 1 1 -1 1 -1 -1 -1 -1 1 
1 1 -1 1 1 -1 -1 -1 -1 -1 -1 -1 -1 -1 1 1 1 1 1 1 -1 -1 -1 -1 -1 -1 -1 -1 -1 1 1 1 1 1 1 1 1 1 1 -1 1 -1 1 1 1 -1 -1 -1 -1 1 1 -1 -1 -1 -1 -1 -1 1 -1 -1 -1 1 -1 -1 -1 -1 -1 -1 1 1 1 -1 1 1 1 -1 -1 -1 -1 -1 -1 1 -1 1 1 -1 -1 -1 -1 1 1 -1 1 -1 -1 -1 -1 -1 -1 -1 
1 1 1 -1 1 -1 -1 -1 -1 -1 -1 -1 -1 1 1 1 1 1 1 1 -1 1 -1 -1 -1 -1 -1 -1 1 1 -1 -1 -1 -1 -1 -1 -1 -1 -1 -1 -1 -1 -1 -1 1 -1 -1 1 1 1 1 -1 -1 -1 1 1 -1 -1 -1 -1 1 1 1 -1 -1 -1 -1 1 1 1 1 -1 1 1 -1 -1 -1 -1 -1 -1 1 1 -1 1 1 1 1 1 -1 -1 -1 -1 -1 -1 -1 -1 -1 -1 -1 1 
1 -1 -1 -1 -1 -1 -1 -1 -1 1 1 1 1 1 1 -1 -1 1 -1 -1 -1 1 1 -1 -1 1 -1 -1 1 -1 1 1 1 1 -1 -1 -1 1 1 -1 1 1 -1 -1 -1 1 1 1 1 -1 -1 -1 -1 -1 -1 1 1 1 1 1 -1 1 -1 -1 1 1 1 -1 1 -1 -1 -1 -1 -1 -1 -1 -1 -1 -1 -1 -1 1 -1 -1 1 1 1 -1 -1 -1 -1 -1 -1 -1 -1 -1 1 1 -1 1 
1 1 1 1 -1 -1 1 1 1 1 1 1 1 1 1 1 -1 1 -1 -1 -1 1 1 1 -1 -1 -1 1 1 1 -1 -1 1 1 1 -1 -1 -1 -1 -1 -1 -1 -1 1 1 1 1 1 -1 -1 1 -1 -1 -1 -1 -1 1 1 1 1 -1 1 -1 -1 1 1 -1 -1 -1 -1 -1 -1 -1 -1 -1 -1 1 -1 -1 -1 -1 1 1 1 1 1 1 -1 1 1 1 -1 -1 -1 -1 -1 1 -1 -1 1 
1 1 -1 -1 -1 -1 -1 -1 -1 1 1 1 1 1 -1 1 1 1 -1 -1 -1 1 1 1 1 -1 -1 -1 1 -1 -1 -1 1 1 -1 -1 -1 -1 -1 1 1 -1 -1 1 1 1 1 -1 -1 -1 -1 -1 -1 -1 -1 1 1 1 1 1 -1 -1 -1 1 1 1 1 1 1 1 1 -1 -1 1 -1 -1 1 1 1 -1 -1 1 -1 1 1 1 -1 -1 1 1 1 -1 -1 -1 -1 -1 -1 -1 -1 1 
1 1 -1 1 1 1 1 -1 -1 -1 1 1 1 1 1 1 -1 -1 -1 -1 -1 1 1 1 1 1 1 1 1 1 -1 -1 1 1 -1 -1 -1 -1 -1 1 1 -1 -1 1 -1 -1 -1 1 1 1 -1 -1 -1 -1 -1 -1 -1 -1 1 1 -1 1 1 -1 -1 1 1 1 1 1 1 -1 1 -1 -1 1 1 1 -1 -1 1 1 1 1 1 1 1 -1 -1 1 1 -1 1 -1 1 1 1 1 -1 -1 
1 1 1 1 1 -1 1 1 -1 1 1 1 1 -1 -1 1 -1 -1 -1 -1 -1 1 1 1 -1 1 -1 -1 -1 -1 -1 1 1 1 -1 -1 -1 1 1 1 1 -1 -1 1 1 -1 1 1 -1 -1 -1 1 1 1 1 1 -1 -1 -1 -1 -1 1 1 -1 1 1 1 1 1 1 1 1 1 -1 -1 -1 1 1 -1 1 1 1 -1 1 1 1 -1 1 -1 -1 1 -1 -1 -1 1 1 1 1 1 1 
1 -1 1 -1 -1 -1 1 1 1 1 1 -1 -1 -1 -1 -1 -1 -1 -1 -1 -1 -1 -1 1 -1 -1 -1 -1 -1 -1 1 1 -1 -1 1 -1 -1 1 -1 1 1 -1 1 1 1 -1 1 1 1 -1 -1 1 1 1 1 1 -1 -1 -1 -1 -1 1 1 1 1 1 1 1 1 1 1 1 1 -1 -1 -1 -1 1 -1 -1 1 1 -1 -1 -1 -1 -1 -1 -1 -1 1 1 1 1 1 1 -1 1 1 1 
1 -1 -1 -1 -1 -1 -1 1 1 1 1 -1 -1 -1 -1 -1 -1 -1 -1 -1 1 1 -1 1 -1 -1 -1 -1 -1 -1 1 1 -1 -1 1 1 -1 -1 1 1 1 -1 1 1 -1 -1 -1 1 1 -1 -1 1 1 1 1 1 -1 -1 -1 -1 1 1 1 1 1 -1 1 1 1 1 -1 -1 -1 -1 -1 -1 1 -1 -1 -1 1 1 1 1 1 -1 -1 -1 -1 -1 -1 1 1 -1 1 1 -1 1 1 1 
-1 -1 1 -1 1 -1 -1 1 1 1 1 1 1 1 1 1 -1 -1 -1 1 1 1 1 -1 -1 -1 -1 -1 -1 1 -1 1 1 1 1 1 -1 -1 1 1 1 1 1 1 1 -1 -1 1 1 1 1 1 1 1 -1 -1 -1 -1 1 1 1 1 1 1 1 -1 1 1 -1 1 -1 -1 1 1 -1 -1 1 -1 -1 1 1 1 1 -1 -1 1 1 -1 -1 -1 -1 1 1 -1 1 1 1 -1 1 -1 
1 -1 -1 1 -1 -1 1 1 1 1 1 1 -1 -1 -1 -1 -1 -1 -1 -1 -1 1 1 1 1 1 -1 -1 1 1 1 1 -1 1 1 -1 -1 -1 -1 -1 1 -1 -1 1 1 -1 -1 -1 1 1 -1 1 1 1 1 1 1 1 -1 1 1 1 1 1 1 1 1 -1 -1 1 -1 -1 1 1 -1 -1 -1 -1 -1 1 1 -1 -1 1 1 1 -1 -1 -1 -1 -1 1 1 -1 -1 1 -1 -1 -1 -1 
1 -1 -1 1 1 1 1 -1 -1 1 1 1 -1 -1 1 1 -1 -1 -1 -1 -1 1 1 1 1 1 -1 -1 -1 -1 -1 -1 -1 1 1 -1 -1 -1 -1 -1 -1 -1 -1 -1 1 1 1 -1 -1 -1 -1 1 1 -1 1 -1 1 1 -1 1 1 1 -1 -1 -1 -1 -1 1 1 1 1 1 1 1 -1 -1 1 1 -1 -1 1 -1 -1 1 1 -1 -1 -1 -1 -1 1 1 1 -1 -1 -1 1 -1 -1 -1 
1 1 1 1 1 1 -1 -1 -1 -1 1 1 1 1 -1 -1 -1 1 1 -1 -1 1 1 1 1 1 1 1 -1 -1 -1 -1 -1 1 1 -1 -1 -1 -1 -1 1 -1 1 1 1 1 1 -1 -1 -1 -1 1 1 1 1 1 1 1 1 1 1 1 -1 1 -1 -1 -1 1 1 1 1 1 1 1 -1 -1 -1 -1 -1 -1 1 -1 -1 -1 -1 -1 -1 -1 -1 -1 1 1 1 -1 -1 1 -1 -1 1 1 
1 1 1 1 -1 1 -1 1 -1 -1 1 1 1 1 1 -1 1 1 -1 -1 -1 -1 -1 1 1 1 -1 1 1 1 -1 -1 -1 1 1 -1 -1 -1 -1 -1 -1 -1 -1 -1 -1 -1 -1 1 1 -1 -1 1 1 1 1 -1 1 1 1 1 -1 1 1 1 1 -1 -1 -1 -1 1 1 1 1 1 1 -1 -1 -1 -1 -1 1 1 -1 -1 -1 -1 -1 -1 -1 -1 1 1 1 1 1 1 1 -1 1 1 
1 1 1 1 1 1 1 1 -1 1 1 1 1 1 1 1 1 1 1 1 -1 -1 1 1 1 1 -1 1 1 1 -1 -1 -1 -1 -1 1 -1 -1 -1 -1 -1 -1 1 1 -1 -1 -1 1 -1 1 1 -1 -1 1 1 -1 1 1 1 1 1 1 1 -1 -1 -1 -1 -1 1 1 1 1 1 -1 1 -1 -1 -1 -1 -1 -1 -1 1 -1 -1 -1 1 -1 -1 1 1 1 1 1 1 1 -1 -1 -1 -1 
1 1 -1 -1 1 -1 -1 -1 -1 -1 -1 1 1 -1 1 1 1 1 1 1 -1 -1 -1 1 1 1 1 -1 -1 -1 -1 -1 -1 -1 -1 -1 1 1 -1 -1 1 1 -1 -1 1 -1 1 -1 -1 1 1 -1 -1 1 -1 -1 1 1 1 -1 -1 1 1 -1 -1 -1 -1 1 1 1 1 1 1 -1 1 1 1 -1 -1 -1 1 -1 -1 -1 -1 -1 -1 -1 -1 1 1 -1 1 1 -1 1 1 1 -1 -1 
1 -1 1 1 1 1 -1 -1 -1 -1 -1 1 -1 1 1 1 1 1 1 1 1 1 -1 -1 1 1 1 -1 -1 -1 -1 -1 -1 -1 -1 -1 -1 1 1 -1 1 1 1 1 1 1 1 1 -1 -1 -1 -1 1 1 -1 -1 1 1 -1 -1 1 1 1 -1 -1 -1 -1 1 1 -1 -1 1 -1 -1 1 -1 -1 -1 -1 -1 1 1 1 1 -1 -1 1 -1 -1 1 -1 1 1 1 1 1 1 -1 -1 -1 
-1 1 1 1 -1 -1 -1 -1 -1 -1 -1 -1 -1 1 1 1 1 1 1 1 1 1 -1 1 -1 1 1 1 -1 -1 -1 -1 -1 -1 -1 -1 -1 1 1 1 1 1 1 1 1 1 1 1 1 -1 1 1 1 1 1 -1 1 1 1 1 1 1 1 -1 -1 -1 1 1 1 -1 -1 -1 -1 -1 1 1 -1 -1 -1 -1 1 1 1 -1 -1 -1 -1 -1 -1 1 -1 -1 1 1 -1 -1 -1 -1 -1 -1 
-1 -1 -1 1 -1 -1 -1 -1 -1 -1 -1 -1 -1 1 1 1 1 1 1 1 1 1 1 1 1 1 1 1 -1 -1 -1 1 1 1 -1 -1 -1 1 1 1 1 1 -1 1 1 1 1 1 -1 -1 -1 1 1 1 1 1 -1 -1 -1 -1 1 1 1 -1 -1 -1 1 -1 -1 -1 -1 1 -1 1 1 1 1 1 1 -1 1 1 1 1 1 -1 -1 -1 -1 -1 -1 -1 1 -1 1 -1 -1 -1 -1 -1 
-1 -1 -1 -1 -1 1 1 -1 -1 -1 -1 -1 -1 -1 -1 1 1 1 -1 1 1 -1 1 1 1 1 1 1 -1 -1 -1 1 1 1 1 -1 -1 -1 1 1 1 -1 -1 -1 1 -1 1 -1 -1 -1 -1 1 -1 1 -1 1 -1 -1 -1 -1 -1 -1 1 -1 -1 1 1 -1 -1 1 1 1 1 1 1 1 1 -1 1 1 1 1 1 1 1 1 -1 -1 -1 -1 -1 -1 -1 -1 1 1 -1 -1 -1 -1 
-1 1 -1 -1 -1 1 -1 -1 -1 -1 1 1 1 -1 -1 1 1 1 1 1 1 -1 -1 -1 -1 -1 -1 -1 -1 -1 -1 1 1 1 1 -1 -1 -1 -1 1 1 -1 -1 -1 -1 -1 1 -1 -1 -1 -1 1 1 -1 1 1 -1 -1 1 1 -1 -1 -1 -1 -1 1 1 -1 -1 -1 1 1 1 -1 -1 1 1 -1 1 1 -1 1 -1 1 -1 -1 -1 -1 -1 -1 -1 -1 -1 -1 -1 1 -1 -1 1 -1 
1 1 1 -1 1 1 -1 1 -1 -1 -1 1 1 1 1 1 1 1 1 1 1 -1 -1 -1 -1 1 -1 -1 -1 -1 -1 1 1 1 -1 -1 -1 -1 1 -1 -1 -1 -1 -1 -1 -1 -1 -1 1 -1 1 -1 1 1 1 -1 -1 -1 -1 -1 -1 -1 -1 1 -1 1 1 1 -1 -1 1 1 1 1 1 1 1 1 1 -1 -1 1 -1 -1 -1 -1 -1 -1 -1 -1 -1 -1 -1 1 1 -1 -1 -1 1 -1 
1 1 1 -1 -1 1 -1 -1 1 1 -1 1 -1 -1 -1 1 1 -1 -1 -1 -1 -1 -1 -1 -1 1 -1 -1 1 1 1 1 1 1 -1 -1 -1 -1 -1 -1 -1 -1 -1 -1 -1 1 1 -1 1 1 -1 -1 1 1 -1 -1 -1 -1 -1 -1 -1 1 -1 1 1 1 1 1 1 1 1 1 -1 -1 1 -1 1 1 1 -1 -1 -1 -1 -1 -1 -1 1 1 1 -1 -1 -1 -1 1 -1 1 1 1 1 -1 
-1 1 1 1 -1 1 1 1 -1 -1 1 -1 -1 -1 -1 1 -1 -1 1 1 1 1 1 1 -1 1 1 1 -1 1 -1 -1 1 -1 1 1 -1 1 -1 1 -1 -1 -1 1 1 1 -1 -1 1 1 -1 1 -1 -1 1 -1 -1 -1 1 -1 1 1 -1 1 1 1 -1 1 1 1 1 1 -1 1 1 1 -1 -1 -1 -1 1 -1 -1 -1 -1 -1 -1 1 1 1 1 1 1 1 1 1 1 1 1 -1 
1 1 1 1 -1 1 1 1 -1 1 1 1 -1 1 1 1 1 1 1 1 1 1 1 -1 -1 1 1 1 -1 -1 -1 -1 -1 1 1 -1 1 1 -1 1 1 -1 -1 -1 1 1 1 1 1 1 1 1 -1 -1 -1 -1 -1 -1 -1 -1 1 1 1 1 1 1 1 1 1 1 1 1 1 1 1 1 -1 -1 -1 -1 1 -1 1 -1 -1 -1 -1 1 1 -1 -1 1 -1 1 1 1 1 1 1 -1 
1 1 1 1 1 -1 1 1 -1 -1 -1 1 1 1 1 1 1 1 -1 1 1 1 -1 -1 -1 1 1 1 -1 1 1 -1 -1 1 1 -1 -1 -1 -1 1 1 -1 -1 -1 -1 1 1 1 1 1 1 1 1 -1 1 1 -1 -1 -1 -1 -1 1 1 1 1 1 1 1 1 -1 1 1 1 1 1 -1 1 -1 -1 1 1 -1 1 1 1 1 -1 -1 1 1 -1 1 1 1 1 1 1 1 1 1 
-1 1 1 -1 -1 -1 -1 -1 -1 -1 -1 -1 -1 1 1 -1 -1 1 1 1 1 -1 1 -1 1 -1 1 1 -1 1 -1 -1 -1 -1 1 -1 -1 -1 -1 -1 -1 -1 1 1 -1 1 1 1 -1 1 1 1 -1 -1 -1 -1 -1 -1 -1 -1 -1 -1 -1 1 1 1 1 -1 -1 -1 -1 -1 1 -1 -1 -1 -1 -1 1 1 1 1 -1 -1 1 1 -1 -1 1 1 -1 1 1 -1 1 -1 -1 1 1 -1 
1 1 1 -1 1 1 -1 -1 -1 -1 -1 -1 -1 -1 -1 -1 1 1 1 1 1 -1 1 1 1 -1 -1 1 -1 -1 -1 -1 1 1 1 -1 -1 -1 1 1 -1 -1 -1 1 -1 -1 1 -1 -1 -1 1 1 -1 -1 -1 -1 -1 -1 -1 -1 -1 -1 1 1 1 1 -1 1 1 -1 -1 1 1 1 -1 1 1 1 1 1 1 -1 -1 -1 1 1 -1 -1 1 -1 -1 1 -1 -1 -1 1 1 -1 1 1 
1 1 -1 -1 -1 1 -1 -1 -1 1 -1 -1 -1 -1 -1 1 1 1 1 1 1 1 -1 -1 -1 -1 -1 1 -1 -1 1 -1 -1 1 -1 -1 -1 -1 -1 -1 -1 -1 -1 1 -1 -1 1 -1 -1 1 1 -1 -1 -1 1 -1 -1 1 1 -1 -1 -1 -1 1 1 1 -1 1 1 1 1 1 1 1 -1 -1 1 1 1 -1 1 -1 1 1 1 1 -1 -1 -1 -1 1 1 -1 1 1 1 1 1 1 1 
1 1 -1 -1 -1 -1 1 -1 -1 -1 -1 -1 -1 -1 1 1 1 -1 -1 -1 -1 -1 -1 1 1 -1 -1 -1 -1 -1 -1 -1 1 -1 -1 -1 -1 -1 -1 1 1 1 1 1 -1 -1 -1 -1 -1 1 -1 -1 -1 -1 -1 1 1 1 1 1 -1 1 1 1 1 1 -1 -1 1 1 1 1 1 1 -1 -1 1 -1 -1 1 1 1 1 1 1 1 -1 -1 -1 1 1 -1 -1 1 1 1 1 1 1 1 
1 1 1 -1 -1 -1 -1 -1 -1 -1 1 1 -1 -1 -1 1 1 -1 -1 -1 -1 -1 -1 -1 1 1 1 1 1 1 1 1 1 -1 -1 -1 -1 -1 -1 1 -1 -1 -1 1 1 1 -1 -1 -1 1 -1 1 1 1 -1 -1 -1 -1 -1 1 1 1 1 1 1 1 -1 -1 1 1 1 -1 1 1 -1 -1 -1 -1 -1 1 -1 1 1 1 1 1 -1 -1 -1 1 1 -1 1 1 -1 1 -1 1 1 1 
1 1 1 -1 -1 -1 -1 -1 1 1 1 1 -1 -1 -1 -1 -1 -1 -1 -1 -1 -1 -1 -1 1 1 1 1 -1 -1 1 -1 -1 -1 1 -1 -1 -1 -1 -1 1 1 1 -1 1 1 1 -1 1 1 1 1 -1 1 1 -1 -1 -1 -1 1 1 1 -1 1 1 -1 -1 -1 -1 -1 1 -1 -1 1 -1 -1 1 1 -1 -1 1 -1 -1 1 1 -1 -1 1 -1 1 1 -1 1 1 1 1 -1 -1 -1 -1 
1 1 1 -1 -1 -1 1 1 1 1 1 1 -1 -1 -1 -1 -1 -1 -1 1 -1 -1 -1 -1 -1 -1 1 1 -1 -1 -1 -1 -1 -1 1 -1 -1 -1 -1 -1 1 1 1 1 1 1 1 -1 -1 -1 1 1 1 1 1 1 -1 -1 -1 1 -1 1 1 1 1 -1 -1 1 1 -1 1 1 -1 -1 1 1 -1 1 1 1 1 1 -1 -1 -1 1 1 -1 -1 1 1 1 1 1 1 -1 1 -1 -1 1 
-1 -1 -1 -1 -1 -1 -1 1 1 1 1 1 -1 -1 -1 -1 1 -1 -1 -1 -1 -1 1 1 1 -1 1 1 1 1 1 1 1 -1 -1 -1 -1 -1 -1 -1 1 1 1 1 1 -1 1 -1 -1 -1 -1 1 1 1 1 1 -1 -1 -1 1 1 1 1 1 -1 -1 -1 1 -1 -1 -1 -1 -1 1 1 1 -1 1 1 1 1 1 1 1 -1 1 -1 -1 -1 -1 -1 -1 1 -1 1 -1 1 1 -1 1 
-1 -1 -1 -1 1 -1 -1 1 -1 -1 1 1 -1 -1 -1 -1 -1 1 -1 -1 -1 -1 1 1 1 1 1 1 1 1 1 -1 -1 -1 -1 -1 -1 -1 -1 -1 -1 1 1 1 1 1 1 -1 -1 -1 1 1 1 1 1 1 -1 1 -1 -1 1 1 1 1 1 -1 -1 1 -1 -1 -1 -1 1 -1 1 1 -1 1 1 1 1 -1 -1 1 -1 1 1 -1 -1 -1 -1 1 -1 -1 -1 -1 -1 -1 -1 -1 
-1 -1 -1 1 1 -1 -1 1 -1 -1 -1 1 -1 -1 -1 -1 -1 1 1 1 -1 -1 -1 -1 -1 1 1 1 1 1 1 -1 -1 -1 -1 -1 -1 -1 1 -1 -1 -1 1 1 1 1 1 1 -1 -1 -1 1 1 1 1 -1 -1 -1 -1 1 -1 -1 1 1 1 1 1 1 1 1 1 1 -1 -1 -1 1 1 1 1 -1 -1 1 -1 -1 -1 -1 -1 -1 -1 -1 -1 -1 -1 -1 -1 -1 -1 -1 1 -1 
-1 -1 -1 1 -1 -1 -1 1 1 -1 -1 1 1 -1 -1 -1 -1 1 1 1 1 1 1 1 1 1 1 1 1 1 1 -1 -1 -1 -1 -1 -1 -1 -1 -1 -1 -1 -1 1 1 1 1 -1 -1 -1 1 1 1 1 -1 -1 -1 -1 -1 1 -1 -1 1 1 1 -1 1 1 -1 1 1 1 1 -1 -1 -1 1 1 1 1 1 1 1 -1 -1 1 1 -1 -1 -1 -1 -1 -1 -1 -1 -1 -1 -1 1 -1 
-1 -1 -1 1 1 -1 -1 -1 -1 -1 -1 1 1 1 1 1 1 1 1 1 -1 -1 1 1 1 -1 -1 1 1 1 1 1 1 -1 -1 -1 -1 -1 -1 -1 -1 -1 -1 -1 1 -1 1 -1 -1 1 1 1 1 1 -1 -1 -1 -1 -1 1 1 -1 1 -1 -1 1 1 1 -1 1 1 1 1 -1 -1 1 -1 1 -1 -1 1 1 1 -1 -1 1 1 -1 -1 -1 -1 -1 -1 -1 -1 -1 -1 -1 1 -1 
-1 -1 -1 -1 -1 1 -1 -1 -1 -1 -1 -1 1 1 1 1 1 1 1 -1 -1 1 1 1 1 1 1 1 1 1 1 1 1 -1 1 -1 -1 -1 -1 -1 -1 -1 -1 -1 -1 -1 1 1 -1 1 -1 1 1 1 -1 -1 -1 -1 1 1 1 -1 1 1 -1 -1 1 1 1 1 1 1 -1 -1 -1 1 1 1 1 1 -1 -1 1 -1 1 1 -1 -1 -1 -1 -1 -1 1 -1 1 1 1 -1 -1 -1 
-1 1 -1 -1 -1 1 -1 -1 -1 1 -1 -1 1 1 1 1 1 -1 1 1 1 1 1 1 1 1 -1 -1 1 1 -1 1 -1 1 1 -1 -1 -1 1 -1 -1 -1 -1 -1 -1 -1 -1 -1 1 1 -1 -1 1 1 1 1 -1 -1 -1 1 1 1 1 1 -1 -1 1 1 1 1 1 1 -1 -1 1 1 -1 1 1 1 1 -1 -1 -1 -1 1 1 -1 -1 -1 -1 -1 1 1 1 1 1 -1 1 1 
-1 -1 -1 -1 1 1 1 -1 -1 -1 -1 -1 1 1 1 1 -1 -1 -1 -1 1 1 1 -1 1 1 1 1 1 1 1 1 -1 -1 -1 -1 -1 1 1 1 -1 1 -1 -1 1 1 1 1 1 -1 -1 1 1 1 1 1 -1 -1 -1 -1 -1 1 1 -1 1 1 1 -1 1 -1 1 1 1 -1 1 1 -1 -1 -1 1 1 -1 -1 -1 -1 -1 1 1 1 1 1 1 1 1 -1 -1 1 -1 -1 -1 
-1 -1 -1 1 1 -1 1 1 -1 -1 -1 -1 1 1 1 1 1 -1 -1 -1 1 1 -1 1 1 1 1 1 1 1 1 1 1 1 1 1 -1 1 -1 -1 1 1 -1 -1 -1 1 1 1 1 -1 1 1 1 1 -1 1 -1 1 1 1 1 1 1 1 1 1 1 1 1 1 1 1 1 1 1 -1 1 1 1 1 1 1 -1 -1 -1 1 1 1 1 1 1 1 1 1 1 1 1 1 1 1 
1 1 1 1 1 1 1 1 -1 -1 1 -1 -1 -1 -1 -1 1 -1 -1 -1 1 1 -1 1 1 1 -1 -1 1 -1 1 1 1 1 1 1 -1 1 -1 -1 -1 -1 -1 -1 1 1 1 1 1 1 1 1 1 1 -1 -1 -1 -1 1 1 1 1 1 1 1 1 1 1 1 -1 -1 -1 -1 1 1 -1 1 1 1 1 -1 1 -1 -1 -1 -1 -1 -1 1 1 1 1 1 1 1 -1 -1 -1 -1 -1 
-1 -1 1 1 1 1 1 1 -1 -1 1 -1 -1 1 1 1 1 1 1 1 1 -1 -1 1 1 1 1 1 -1 -1 1 1 1 1 1 1 1 -1 -1 -1 -1 -1 -1 1 1 1 1 -1 -1 1 1 1 1 1 1 -1 -1 -1 -1 -1 1 -1 -1 1 -1 1 1 -1 -1 -1 -1 -1 -1 -1 1 -1 1 1 1 1 1 1 1 -1 -1 -1 -1 1 1 1 1 1 1 1 1 -1 -1 1 -1 -1 
-1 -1 1 1 1 1 -1 1 1 1 1 1 1 1 1 1 1 -1 1 1 1 1 1 1 1 1 1 1 -1 -1 -1 -1 -1 1 -1 1 1 -1 -1 -1 -1 1 -1 1 1 1 -1 -1 -1 1 1 1 1 1 1 -1 1 -1 -1 -1 1 1 1 -1 -1 1 1 -1 -1 -1 1 1 -1 -1 -1 -1 1 1 1 1 1 1 1 1 1 1 1 -1 1 1 1 1 1 1 1 1 1 1 -1 -1 
1 -1 -1 1 1 1 -1 1 -1 -1 1 1 1 1 1 1 1 1 1 1 1 1 1 1 1 1 1 1 -1 -1 -1 -1 -1 1 -1 1 1 -1 -1 -1 -1 -1 1 1 1 1 -1 -1 -1 -1 -1 -1 1 -1 -1 -1 -1 -1 -1 -1 1 1 1 -1 1 1 1 1 1 1 1 1 1 -1 -1 1 1 1 1 1 1 1 1 -1 1 1 1 1 1 1 1 1 1 1 1 1 1 1 1 1 
1 1 1 1 1 1 -1 -1 1 1 -1 1 -1 1 1 1 1 1 1 -1 1 1 1 1 1 1 1 1 1 -1 -1 1 -1 1 1 1 1 -1 -1 -1 1 -1 -1 1 1 -1 -1 -1 -1 -1 -1 -1 1 -1 -1 -1 -1 -1 -1 1 1 1 1 1 1 1 1 1 1 1 1 1 1 -1 -1 1 1 1 1 -1 1 1 1 1 1 1 -1 -1 -1 1 1 1 1 1 1 1 1 1 -1 1 
1 1 1 -1 -1 -1 -1 -1 -1 -1 -1 -1 -1 1 1 -1 1 1 1 1 1 1 1 1 1 1 1 1 1 -1 1 1 -1 1 1 1 -1 -1 -1 -1 1 1 1 1 1 -1 -1 -1 1 1 -1 -1 -1 -1 -1 -1 -1 -1 -1 -1 -1 1 1 1 1 1 1 1 1 1 1 -1 -1 -1 -1 -1 -1 -1 -1 1 1 1 1 -1 1 1 -1 -1 -1 -1 1 1 1 1 1 1 1 -1 -1 1 
1 -1 -1 1 -1 -1 -1 -1 1 1 1 1 1 1 1 1 1 1 1 1 -1 -1 -1 -1 -1 1 1 1 1 -1 -1 -1 -1 1 -1 -1 -1 -1 -1 1 1 1 1 1 1 1 1 -1 -1 -1 -1 -1 -1 1 1 1 1 -1 -1 1 -1 1 1 -1 1 1 1 1 -1 1 1 1 1 -1 -1 -1 -1 -1 1 1 1 1 1 1 1 1 -1 -1 1 1 1 1 1 -1 -1 1 -1 1 -1 1 
-1 -1 -1 -1 1 1 1 -1 1 1 1 -1 1 1 1 1 1 1 1 -1 1 -1 -1 -1 1 1 1 -1 -1 -1 -1 -1 -1 -1 -1 -1 -1 1 1 1 1 1 1 1 1 1 1 -1 -1 -1 -1 1 1 1 -1 1 -1 -1 -1 1 -1 -1 1 1 1 1 1 1 1 -1 1 -1 1 -1 -1 1 -1 1 1 -1 -1 -1 -1 -1 -1 -1 -1 -1 1 -1 1 1 1 -1 -1 -1 -1 -1 -1 1 
-1 1 1 -1 -1 -1 1 1 1 1 1 1 1 1 1 -1 1 1 1 1 -1 1 -1 -1 -1 -1 1 1 -1 -1 -1 -1 1 -1 1 1 -1 -1 1 1 1 1 1 1 1 1 1 -1 -1 -1 1 1 1 1 -1 1 -1 -1 -1 1 -1 -1 1 1 1 1 1 1 1 1 1 1 -1 -1 1 1 -1 1 1 1 1 1 -1 -1 -1 -1 -1 -1 1 1 1 1 1 -1 -1 -1 -1 -1 -1 -1 
-1 1 1 1 1 -1 -1 -1 1 1 1 1 1 1 1 1 -1 1 1 1 1 1 -1 -1 -1 -1 -1 1 1 1 1 1 1 1 1 1 1 -1 -1 1 1 1 -1 1 1 1 1 -1 1 -1 1 1 -1 1 -1 1 -1 1 1 1 1 -1 1 1 1 -1 1 -1 -1 -1 -1 1 -1 1 1 1 1 1 1 1 -1 -1 -1 1 -1 -1 -1 -1 1 1 1 -1 1 1 -1 -1 -1 -1 1 -1 
-1 1 1 1 1 1 -1 -1 1 1 1 1 1 1 1 1 1 1 1 1 1 1 1 1 1 1 1 -1 -1 -1 1 -1 -1 1 1 -1 -1 -1 1 -1 -1 -1 -1 -1 1 1 -1 -1 -1 -1 -1 1 1 1 1 1 1 1 -1 1 1 1 1 1 1 -1 1 -1 -1 1 1 1 1 1 1 1 1 -1 -1 1 -1 -1 1 -1 -1 -1 -1 1 -1 -1 -1 -1 1 1 -1 -1 -1 -1 -1 -1 
-1 1 1 1 -1 -1 -1 -1 1 1 1 1 1 1 1 -1 -1 1 1 1 -1 1 1 -1 1 1 1 1 -1 -1 -1 1 1 1 1 -1 -1 -1 -1 -1 -1 -1 -1 1 1 -1 -1 1 -1 1 1 1 1 1 1 1 1 1 1 1 1 1 1 1 -1 1 1 1 -1 -1 1 1 -1 1 1 1 -1 -1 -1 -1 1 1 -1 -1 1 -1 1 1 1 -1 -1 1 -1 -1 1 -1 -1 -1 -1 -1 
-1 -1 -1 -1 -1 -1 -1 1 1 1 1 1 1 1 -1 1 -1 1 1 1 1 1 1 1 1 1 1 1 -1 -1 -1 1 1 1 -1 -1 -1 -1 -1 1 -1 -1 -1 -1 1 1 -1 -1 -1 -1 -1 1 -1 1 1 1 1 1 1 1 1 1 1 1 -1 -1 1 1 -1 -1 -1 -1 1 -1 1 1 -1 -1 -1 -1 -1 -1 1 -1 -1 -1 1 1 1 -1 1 1 -1 -1 -1 1 1 1 -1 -1 
1 1 -1 -1 -1 -1 -1 1 -1 1 1 1 1 1 1 1 -1 1 1 -1 -1 -1 -1 -1 1 1 1 -1 -1 1 1 -1 1 1 -1 -1 -1 -1 -1 1 -1 1 -1 -1 -1 -1 -1 -1 -1 -1 -1 -1 -1 1 1 1 1 1 1 1 1 -1 1 -1 -1 1 1 -1 -1 1 -1 -1 1 1 1 -1 -1 -1 -1 -1 -1 -1 -1 -1 -1 -1 1 1 1 1 1 1 1 1 1 1 -1 1 -1 -1 
1 -1 -1 -1 -1 1 1 1 1 1 1 1 1 1 1 1 -1 -1 -1 -1 -1 -1 -1 -1 -1 -1 -1 -1 -1 1 1 1 -1 -1 -1 -1 -1 -1 -1 1 -1 -1 -1 -1 -1 -1 1 1 -1 -1 -1 -1 1 1 1 1 1 -1 -1 1 1 -1 -1 -1 -1 1 1 1 -1 1 1 1 1 1 1 1 1 1 -1 -1 -1 1 -1 -1 -1 -1 1 1 1 -1 -1 -1 -1 1 1 1 -1 1 1 1 
